5.213245850000000070e-01 4.249035499999997967e-03 2.089967060541560520e-02 2.562817496114874879e-04
5.300362327500000026e-01 4.462612249999997616e-03 2.117271911062958145e-02 1.761786059138989761e-04
5.391913087499999868e-01 4.692463749999986611e-03 2.141914469022707448e-02 1.274564678814113971e-04
5.488277955000000485e-01 4.944023000000019596e-03 2.152920560898023000e-02 1.015898308158832324e-04
5.589892292500000526e-01 5.217410750000039954e-03 2.130112539072763836e-02 8.283579524398394778e-05
5.697193289999999966e-01 5.512688999999959538e-03 2.163447963517364792e-02 6.989010220156715214e-05
5.810618752500000816e-01 5.829857250000014535e-03 2.155582479969061702e-02 6.218685240345464180e-05
5.930820519999999707e-01 6.190319499999930031e-03 2.183322692291908909e-02 5.249130333090418655e-05
6.058384674999999220e-01 6.566096000000021249e-03 2.142087051625174779e-02 5.073420914245710205e-05
6.194014795000000184e-01 6.996916000000019675e-03 2.139822891381386316e-02 4.748887766150653041e-05
2.167541223749999801e+00 2.618831375000008066e-02 2.101454613609357591e-02 3.248491761124243870e-05
2.219475540500000399e+00 2.574600299999985076e-02 2.091127748341275669e-02 3.314284873096584041e-05
2.270534951500000176e+00 2.531340799999992619e-02 2.099628503286119982e-02 3.383678880861318094e-05
2.320739718500000048e+00 2.489135900000016832e-02 2.111467394640816411e-02 3.594796681120643078e-05
2.370112173749999940e+00 2.448109624999994516e-02 2.137896926626539629e-02 3.632099516456590427e-05
2.418676732999999857e+00 2.408346299999997164e-02 2.131802306619800039e-02 3.742660297278924272e-05
2.466457387000000168e+00 2.369719100000011736e-02 2.152849714970574840e-02 3.914558425259094705e-05
2.513479300750000256e+00 2.332472274999974893e-02 2.161713818209077057e-02 3.979049599067443864e-05
2.559767598750000150e+00 2.296357525000014554e-02 2.178138654998304502e-02 4.101025603363369525e-05
2.605345966749999853e+00 2.261479275000000122e-02 2.181924222518188961e-02 4.253010078777622440e-05
2.650238856500000129e+00 2.227809700000005222e-02 2.196022937711187770e-02 4.279669479252084765e-05
2.694469226499999870e+00 2.195227299999991111e-02 2.211860153435846882e-02 4.434382728121373339e-05
2.738059275499999945e+00 2.163777599999994194e-02 2.201400372267103139e-02 4.694418944592782715e-05
2.781031569250000057e+00 2.133451774999994832e-02 2.197175213513646863e-02 4.889789831430801367e-05
2.823406327250000292e+00 2.104024025000028608e-02 2.221808774228764896e-02 5.132913420677933910e-05
2.865203427249999990e+00 2.075685974999985639e-02 2.204671970498332453e-02 5.047997515249921834e-05
2.906442687749999809e+00 2.048240074999996274e-02 2.197242088734409349e-02 5.243554643821519442e-05
2.947141874749999779e+00 2.021678625000000729e-02 2.177684097174305278e-02 5.466931435018998351e-05
2.987318564250000197e+00 1.995990324999996623e-02 2.182579320257762440e-02 5.512792692283800735e-05
3.026989708499999931e+00 1.971124099999999046e-02 2.181515527016129538e-02 5.795727652383685622e-05
3.066171289000000133e+00 1.947033949999998903e-02 2.165063028356854075e-02 5.754791764087863795e-05
3.104878635249999963e+00 1.923700675000006299e-02 2.156541848756801313e-02 5.834209884484926195e-05
3.143126478750000175e+00 1.901083674999992645e-02 2.158977558408542788e-02 6.187533395581384867e-05
3.180928777750000158e+00 1.879146225000005721e-02 2.150861165952372075e-02 6.159623483318056830e-05
3.218298869999999923e+00 1.857862999999992937e-02 2.153742414172171715e-02 6.083200996688347529e-05
3.255249694499999791e+00 1.837219450000016074e-02 2.126987024688340583e-02 6.320769219516912305e-05
3.291793287750000019e+00 1.817139874999984528e-02 2.128059601033390619e-02 6.519591081443922552e-05
3.327941293249999877e+00 1.797660675000001262e-02 2.137368499239957267e-02 6.575568540160070595e-05
3.363704980750000129e+00 1.778708075000023925e-02 2.145021219796612241e-02 6.857964302730629657e-05
3.399095038500000054e+00 1.760297699999990861e-02 2.137948524978400960e-02 7.044867077950260842e-05
3.434121869749999778e+00 1.742385424999981502e-02 2.134045977604703478e-02 7.148278045466988941e-05
3.468795285500000158e+00 1.724956150000012123e-02 2.136047545144500320e-02 7.206320505028303194e-05
3.503124745750000102e+00 1.707989875000004432e-02 2.130585713023708597e-02 7.492718355276674553e-05
3.537119108999999817e+00 1.691446449999989277e-02 2.129514797540342161e-02 7.526927777251417838e-05
3.570786711249999801e+00 1.675313775000009109e-02 2.137283198588945526e-02 7.737064955522609372e-05
3.604136361000000122e+00 1.659651200000000770e-02 2.133446495188794437e-02 7.958859048530320210e-05
3.637176163499999948e+00 1.644329050000004067e-02 2.129674179414079230e-02 7.951352976702862161e-05
3.669913328749999870e+00 1.629387474999988150e-02 2.131777552915481780e-02 8.103821470249137357e-05
3.702355508750000190e+00 1.614830524999999461e-02 2.103443844864091861e-02 8.345365045232903132e-05
3.734509878749999956e+00 1.600606474999999307e-02 2.129982660798612412e-02 8.501166515475256931e-05
3.766382868500000036e+00 1.586692500000008721e-02 2.115799351304168893e-02 8.449808111531230544e-05
3.797981393999999788e+00 1.573160049999988708e-02 2.120470301793110288e-02 8.753526106998777974e-05
3.829312029500000047e+00 1.559903500000014986e-02 2.117544227456930050e-02 9.165551979061314198e-05
3.860380116750000035e+00 1.546905224999983730e-02 2.112206234355570866e-02 9.187421512295869386e-05
3.891191655750000145e+00 1.534248675000005058e-02 2.099554325306544553e-02 9.295549217201815408e-05
3.921752770499999929e+00 1.521862799999995630e-02 2.115693381703716291e-02 9.756904339900804768e-05
3.952068804500000088e+00 1.509740599999997990e-02 2.105717441792277420e-02 1.003363591621746068e-04
3.982144963500000134e+00 1.497875300000006682e-02 2.133650771216386369e-02 9.928997862820278448e-05
4.011986319749999197e+00 1.486260324999966187e-02 2.139781667867509535e-02 1.008768709914075661e-04
4.041597815250000281e+00 1.474889225000053372e-02 2.145092972015148758e-02 1.016450294793284361e-04
4.070984265499999921e+00 1.463755799999999496e-02 2.132976922148614382e-02 1.040060739350952355e-04
4.100150324750000408e+00 1.452850124999960357e-02 2.096642226454440913e-02 1.078751931767770714e-04
4.129099939999999691e+00 1.442111400000056776e-02 2.118806115348672789e-02 1.090812873967348772e-04
4.157837407750000658e+00 1.431635374999995491e-02 2.140606055986394446e-02 1.067084010875122787e-04
4.186367580000000643e+00 1.421381850000003055e-02 2.137247284648139192e-02 1.127864719163102701e-04
4.214694269500000701e+00 1.411287099999958272e-02 2.191954375401800742e-02 1.141941449388690779e-04
4.242820890750000018e+00 1.401375025000017871e-02 2.201857243025118552e-02 1.124740411053874121e-04
4.270751782499999649e+00 1.391714149999989658e-02 2.260785715488053751e-02 1.153080315623670061e-04
4.298490274749999784e+00 1.382135074999979452e-02 2.250854223944121282e-02 1.186904035753304660e-04
4.326039992749999286e+00 1.372836725000015079e-02 2.255374930697321215e-02 1.195078217395214594e-04
4.353404415500000013e+00 1.363605550000013267e-02 2.279831746422262412e-02 1.237407130243844402e-04
4.380586858250000049e+00 1.354638724999990274e-02 2.260391405916628224e-02 1.278146570068273806e-04
4.407590645249999994e+00 1.345739975000004307e-02 2.270495418096735857e-02 1.283880768441161445e-04
4.434418567250000720e+00 1.337052225000023853e-02 2.246230105387078679e-02 1.268449749440987131e-04
4.461074313250000145e+00 1.328522374999963063e-02 2.200754608210627253e-02 1.312532824530958906e-04
4.487560440499999359e+00 1.320090350000002744e-02 2.235259954661812654e-02 1.341343997504875949e-04
4.513879615500000497e+00 1.311827150000022257e-02 2.174798300542474250e-02 1.370718205878819354e-04
4.540035080500000042e+00 1.303719349999976629e-02 2.189061691019664538e-02 1.404064641937096314e-04
4.566029640750000063e+00 1.295736675000025429e-02 2.171311506475569197e-02 1.412101934403438329e-04
4.591865629499999990e+00 1.287862199999967316e-02 2.172595393759632273e-02 1.494028258677009447e-04
4.617545603499999984e+00 1.280135200000032114e-02 2.161899616121343293e-02 1.452418049172223393e-04
4.643072133249999567e+00 1.272517774999970541e-02 2.164767284443545187e-02 1.487412143212553546e-04
4.668447658999999916e+00 1.265034800000019999e-02 2.146521789289090182e-02 1.489949465560244830e-04
4.693674684500000360e+00 1.257667749999979989e-02 2.157331377886393536e-02 1.525583409840101099e-04
4.718755504499999809e+00 1.250414250000009275e-02 2.172884337020351136e-02 1.562794914127605263e-04
4.743692368749999666e+00 1.243272174999976443e-02 2.152256065985132250e-02 1.556198877220504255e-04
4.768487484999999637e+00 1.236239450000020668e-02 2.179447789877175454e-02 1.559962233377205389e-04
4.793143008000000371e+00 1.229312850000008339e-02 2.158484648583864490e-02 1.574615579780622079e-04
4.817660909249999790e+00 1.222477275000022345e-02 2.155404152147054331e-02 1.635644132488554045e-04
4.842043246750000307e+00 1.215756474999984960e-02 2.166189850958961244e-02 1.715674473702540883e-04
4.866292128000000439e+00 1.209131649999983793e-02 2.164135479982173468e-02 1.714004623125751231e-04
4.890409353749999966e+00 1.202590925000013300e-02 2.141905559253887842e-02 1.678228785133710791e-04
4.914396914999999311e+00 1.196165199999965623e-02 2.125897444814617981e-02 1.710527689518278184e-04
4.938256797750000260e+00 1.189823075000040475e-02 2.175810540731477200e-02 1.758490368189035606e-04
4.961990648749999622e+00 1.183562024999984530e-02 2.191401985267534686e-02 1.760155546879537596e-04
4.985600122500000175e+00 1.177385350000026421e-02 2.112342634283852216e-02 1.771300287430076551e-04
5.009087145500000560e+00 1.171316950000012014e-02 2.126953779475846198e-02 1.794623532854062163e-04
5.032453358999999793e+00 1.165304399999955720e-02 2.116568518793605566e-02 1.839127779610115259e-04
5.055700253500000407e+00 1.159385050000016903e-02 2.146583241776794937e-02 1.829213105173300351e-04
5.078829655999999915e+00 1.153555199999978242e-02 2.159179349854235819e-02 1.921490790820997753e-04
5.101843111500000028e+00 1.147790350000033044e-02 2.103521652276331422e-02 2.033858854743047920e-04
5.124741977750000288e+00 1.142096274999993000e-02 2.161059095393154036e-02 1.938919131445673567e-04
5.147527825500000098e+00 1.136488499999988022e-02 2.156269051829386163e-02 2.004836610653070123e-04
5.170202200500000345e+00 1.130948999999992211e-02 2.131730703395446486e-02 2.050665483928275996e-04
5.192766515000000638e+00 1.125482450000037105e-02 2.122040954761078221e-02 2.024567007606130581e-04
5.215222192000000589e+00 1.120085249999958066e-02 2.158079617116769391e-02 2.038244911681216288e-04
5.237570591999999081e+00 1.114754749999979921e-02 2.158049979048742503e-02 2.083672053109672756e-04
5.259813092749999974e+00 1.109495325000064980e-02 2.133370930760676923e-02 2.118457811640940785e-04
5.281950960750000590e+00 1.104291474999996581e-02 2.146501305927965911e-02 2.102754427881884953e-04
5.303985399000000101e+00 1.099152349999954481e-02 2.119822371813456785e-02 2.174335522489716807e-04
5.325917811749999231e+00 1.094088925000002988e-02 2.154621928292429350e-02 2.291722639986829479e-04
5.344124765000000110e+00 7.266063999999960998e-03 2.173386275432516099e-02 3.288954262932580730e-04
