6.329787564466036187e-01 3.357064245966601135e-03 2.102666034918282759e-02 1.135718690615648190e-04
6.397093003717213566e-01 3.373479679151136779e-03 2.117834072574588042e-02 1.013248087022774471e-04
6.464723848451838784e-01 3.389604794311440461e-03 2.108191476959363209e-02 9.787364092928995014e-05
6.532674473530518666e-01 3.405457713556492294e-03 2.103427940779935973e-02 9.032132199287118662e-05
6.600939394590374931e-01 3.421034392429134208e-03 2.103115874369439198e-02 8.234657550601384409e-05
6.669512893003977094e-01 3.436315448931026584e-03 2.123191918144273424e-02 8.292640058977197794e-05
6.738389295757885034e-01 3.451324826459822859e-03 2.099789270680539957e-02 7.523492660852419505e-05
6.807563071366588003e-01 3.466052734410474123e-03 2.092441485588032030e-02 7.846553725395343112e-05
6.877028682975634410e-01 3.480508426494166585e-03 2.100393286826428632e-02 7.535923614880108345e-05
6.946780508002617927e-01 3.494674076204185020e-03 2.110147838183405386e-02 7.574772936839882596e-05
7.019010275392909559e-01 3.728302662825033753e-03 2.109437895781194477e-02 6.758844141722685796e-05
7.126886507834691020e-01 7.059320581353056845e-03 2.102096375006971829e-02 5.058825222653233472e-05
7.341974139876253913e-01 3.791798201940310697e-03 2.104117151155182608e-02 6.734494794238181457e-05
7.417949025853061151e-01 3.805690395740468635e-03 2.103340433046195501e-02 7.436632332636750975e-05
7.494198383420895837e-01 3.819245361042888920e-03 2.098986910377277637e-02 7.432951364674568733e-05
7.570715661876588065e-01 3.832482484526389399e-03 2.098920482613979982e-02 7.121578906507922862e-05
7.647494109596231215e-01 3.845362287437981141e-03 2.129684193584239701e-02 7.328043802210883510e-05
7.726799984455690051e-01 4.085225198507791422e-03 2.105957666285626986e-02 7.340150879875307255e-05
7.808641351316237822e-01 4.098911487547041155e-03 2.091230287004389524e-02 7.977099844986490420e-05
7.890752155461269179e-01 4.112168926956039083e-03 2.099603654164316005e-02 8.203132745691451753e-05
7.973124361649973624e-01 4.125051691914460861e-03 2.103800940361540833e-02 8.482524755836134479e-05
8.055750014744225140e-01 4.137513617510746311e-03 2.103871808526453988e-02 8.008332597147745698e-05
8.138621137540340555e-01 4.149598662100684177e-03 2.097202485244793399e-02 8.938809795433869684e-05
8.221729746298955810e-01 4.161262213760841266e-03 2.084832109030879815e-02 8.867652172906709685e-05
8.305067770784018144e-01 4.172540234745392151e-03 2.099269028740684967e-02 1.013954445016777487e-04
8.390954605940791344e-01 4.416143280931983384e-03 2.094190847405428407e-02 1.016197884434815954e-04
8.484061256231778536e-01 4.894521748166735797e-03 2.093896042782119118e-02 9.981637358758853914e-05
