8.771132776231614914e-01 4.452407915363276736e-03 2.094317180692280289e-02 7.067983681316973446e-05
8.860294926885012856e-01 4.463807149976517508e-03 2.111585493017471837e-02 6.890749010091720261e-05
8.954164294543174307e-01 4.923129615839683115e-03 2.112315859861196160e-02 6.816365914526690986e-05
9.052760002544633089e-01 4.936441184306084029e-03 2.110445062499399782e-02 6.166217763383187217e-05
9.151619416423071307e-01 4.949500203537793297e-03 2.109988540390964062e-02 6.035105758661005328e-05
9.250737594602105318e-01 4.962317614365663321e-03 2.127264919183283892e-02 6.174659452326441479e-05
9.350109721505805993e-01 4.974895076004404171e-03 2.125231296376089637e-02 6.023278485220800001e-05
9.449731015526622313e-01 4.987234326077172319e-03 2.134925085110976617e-02 6.216876923982993393e-05
9.549596730596722205e-01 4.999337180932816871e-03 2.127709818254302013e-02 5.849454189104540862e-05
9.649702157696553595e-01 5.011205529050322127e-03 2.122547324747686356e-02 6.001331701271927376e-05
9.750042626235568832e-01 5.022841324851146094e-03 2.108966766535302559e-02 5.978397998983301693e-05
9.850613505313112750e-01 5.034246582903245670e-03 2.088575708989180366e-02 5.672224277884557395e-05
9.951410204867062737e-01 5.045423372491808500e-03 2.105144439212507101e-02 5.399393750430856262e-05
1.005242817671737843e+00 5.056373812539760593e-03 2.109072299641366610e-02 5.355673420716757036e-05
1.015827468075864770e+00 5.528276591587166777e-03 2.099350531401095871e-02 5.273341864363425635e-05
1.026896503448710973e+00 5.540758781258925403e-03 2.102585014790831278e-02 5.137337078466279737e-05
1.037990224825711127e+00 5.552962595741228746e-03 2.099749279632497426e-02 5.121439437814664361e-05
1.049108078967458946e+00 5.564891546006700551e-03 2.100241261602910428e-02 5.038565150396002648e-05
1.060249504650502050e+00 5.576534137036404104e-03 2.102316086158840039e-02 4.805578197432709442e-05
1.071413939045112951e+00 5.587900257574385243e-03 2.099617233303074926e-02 4.814381107496344735e-05
1.082600833948283547e+00 5.598994645596433450e-03 2.126210452137299381e-02 5.350886043099225344e-05
1.093809649518802996e+00 5.609820924922903629e-03 2.111985828792112968e-02 5.436021631213852455e-05
1.105039875976387975e+00 5.620405532661965076e-03 2.128247116227504135e-02 5.046243359902093811e-05
1.116291000088821317e+00 5.630718579771487597e-03 2.135109042515686076e-02 4.794917272371401848e-05
1.128032989418438437e+00 6.111270749845632011e-03 2.128341161319889305e-02 4.685675431880198066e-05
1.140266997786670178e+00 6.122737618386220326e-03 2.139400049658828420e-02 4.433147928576910589e-05
1.152523641708661728e+00 6.133906303605107802e-03 2.121375340625101732e-02 4.479050486556341432e-05
1.164802302728237260e+00 6.144754715970535131e-03 2.129510329049264655e-02 4.889862631256004745e-05
1.177102334539893880e+00 6.155277095686084721e-03 2.128124059127090711e-02 4.484767143523701242e-05
1.189423116174335382e+00 6.165504538755417485e-03 2.118169167442153153e-02 4.430499456014870926e-05
1.201764071217641838e+00 6.175450504550927810e-03 2.117053962672782452e-02 4.393397208654406663e-05
1.214124590494608080e+00 6.185068772415425187e-03 2.109641952607740206e-02 4.310440615869733159e-05
1.226504076577817015e+00 6.194417310793509657e-03 2.112110130098732164e-02 4.362814110515533426e-05
1.243201835826508894e+00 1.050334193789836945e-02 2.104405401870983183e-02 3.715779462003110790e-05
1.262315574581692079e+00 6.698226859442657499e-03 2.096853677471463562e-02 4.617905131367914216e-05
1.275721572562800610e+00 6.707771121665762060e-03 2.097604928889066842e-02 4.681106532580992961e-05
1.289146357215933181e+00 6.717013531466919929e-03 2.096345006474523848e-02 4.316207536489386843e-05
1.302589267889792346e+00 6.725897142392356365e-03 2.097652819790402426e-02 4.415946510666590415e-05
1.316049639962227014e+00 6.734474930042200214e-03 2.117270958290179764e-02 4.678935127606008123e-05
1.329526840272557742e+00 6.742725380288638881e-03 2.128962835010735424e-02 4.785900246180609910e-05
1.343020235263706841e+00 6.750669610860460246e-03 2.140375287269831450e-02 4.871964615569356587e-05
1.357012230166893652e+00 7.241325292326350471e-03 2.162081570752514767e-02 4.562367905188424846e-05
1.371503279737105396e+00 7.249724277885283286e-03 2.150949816613111770e-02 4.811256621313698056e-05
1.386010765866671157e+00 7.257761851680588627e-03 2.151554157433523129e-02 4.640654407811740755e-05
1.400533976823163052e+00 7.265449104811194658e-03 2.154125210415968467e-02 4.824026726213559180e-05
1.415072212764664883e+00 7.272786836690525725e-03 2.154929416898068023e-02 4.882309095635941129e-05
1.429624797415615323e+00 7.279797814260025035e-03 2.161618435040786254e-02 4.905322860238867978e-05
1.444191059793553888e+00 7.286464563678540785e-03 2.157100979605043947e-02 5.078111607883441806e-05
1.459256764294100783e+00 7.779239936868465044e-03 2.137230194773214603e-02 5.064506945736021971e-05
1.474822086550484856e+00 7.786082319515497119e-03 2.146994402872770200e-02 4.989554282976596902e-05
1.490400742289301750e+00 7.792573419301396243e-03 2.130131636918045773e-02 4.827756650890148795e-05
1.505992011609701420e+00 7.798695901098273708e-03 2.129170723649783867e-02 5.410521562762540593e-05
1.521595178568852624e+00 7.804471058053041865e-03 2.120122231297886725e-02 5.184509280906161979e-05
1.537209566322066623e+00 7.809916695160845634e-03 2.111257831947774971e-02 5.406418558368997245e-05
1.552834506068395015e+00 7.815023051167546697e-03 2.109230945645784727e-02 5.696755877953420456e-05
1.568958241451172242e+00 8.308712331609680035e-03 2.117859989517701519e-02 5.164675054193546569e-05
1.585580711510649721e+00 8.313757727867798764e-03 2.101538320698894888e-02 5.105746749060783923e-05
1.602212913426805940e+00 8.318444188288531826e-03 2.099725599035812129e-02 5.654378662456969865e-05
1.618854157130242388e+00 8.322799515147694116e-03 2.099476741866749749e-02 5.941866911411836647e-05
1.635503774105585784e+00 8.326817460195812259e-03 2.096228428488196641e-02 5.722701137061524389e-05
1.652161112025440914e+00 8.330520459659318533e-03 2.089401984262135442e-02 6.005697660910450146e-05
1.669315892065233786e+00 8.824259580133553271e-03 2.091028485315088448e-02 5.941245933509209739e-05
1.686967881448029338e+00 8.827729802662109826e-03 2.089392464016276429e-02 6.119877891462430696e-05
1.704626486676184438e+00 8.830875425492767938e-03 2.082412405957264484e-02 6.004835600870033505e-05
1.722291077938987280e+00 8.833715837310185393e-03 2.102411867243793309e-02 6.619063087227602482e-05
1.739961051754053578e+00 8.836257977756001303e-03 2.103520859900300660e-02 6.425964245117467982e-05
1.757635834128036034e+00 8.838524396226676849e-03 2.121038819890226981e-02 6.706333283109804132e-05
1.775806087137436595e+00 9.331728613173773113e-03 2.117557300365731365e-02 6.542442605837754568e-05
1.794471493499931958e+00 9.333677749321589445e-03 2.123222095660556169e-02 6.832727509364088533e-05
1.813140533274810062e+00 9.335362025556515064e-03 2.127080121845056904e-02 6.971389701981677142e-05
1.831812698728735533e+00 9.336803428369067070e-03 2.131588613078528108e-02 7.487197625472019353e-05
1.850487519925533064e+00 9.338017768428352738e-03 2.163223067408731257e-02 7.920649411943375120e-05
1.869656118314574123e+00 9.830580620612594522e-03 2.149703702235399722e-02 7.435429976203763406e-05
1.889318187349459333e+00 9.831488414272726573e-03 2.151199530738639662e-02 7.985520719996620992e-05
1.908981882042452227e+00 9.832206278720057036e-03 2.132438281756548343e-02 7.875489477092998195e-05
1.928646849446895128e+00 9.832761125722844220e-03 2.126958650266913206e-02 8.233192053498643466e-05
1.948312788949877250e+00 9.833178377259388370e-03 2.130336221181180698e-02 8.365733900831512880e-05
1.968471129632634931e+00 1.032516230549840319e-02 2.153950440901459401e-02 8.250577144115803479e-05
1.990105068777940911e+00 1.130877683980757720e-02 2.101507796722302396e-02 8.447623037263537874e-05
2.030423888420148870e+00 1.032568363775632214e-02 2.140848815572628239e-02 9.177868130270954881e-05
2.051075369941813609e+00 1.032579788390819431e-02 2.109592606615541543e-02 8.914653028515044306e-05
2.072218816473170300e+00 1.081764864744871879e-02 2.107087668307818309e-02 9.715334913337015993e-05
2.093854322872148455e+00 1.081785775152921403e-02 2.103299710493162014e-02 8.871735960747004744e-05
2.115490344757890551e+00 1.081816413421288203e-02 2.095084912903174071e-02 1.002773460782857416e-04
2.137127113379550192e+00 1.081860448744675907e-02 2.102119743826968978e-02 1.027672383865348100e-04
2.159256733177555176e+00 1.131101531055822562e-02 2.099507847545964076e-02 9.955915351389397962e-05
2.181879670538501070e+00 1.131192205038766829e-02 2.069582352560092597e-02 1.016750976304009880e-04
2.204504702618748535e+00 1.131311002985979641e-02 2.095139470570186666e-02 1.095133017035563233e-04
2.226640459739479549e+00 1.082264709087121801e-02 2.085173785796750820e-02 1.064368213377907708e-04
2.250747620462710152e+00 1.131660019656899330e-02 2.084575918232457054e-02 1.129069663582549655e-04
2.279289729384958108e+00 1.722550872567873981e-02 2.106674330035315443e-02 8.928299381382861165e-05
2.323102163866121561e+00 1.181810264121541110e-02 2.092844900762387897e-02 1.161522122622153815e-04
2.346742672167519306e+00 1.182240566018233352e-02 2.102606340026514156e-02 1.238686431846597346e-04
2.370885402869502112e+00 1.232032504180047283e-02 2.125233403557153303e-02 1.266640837123736950e-04
2.406879029488230071e+00 2.367330157692748571e-02 2.114088377419975212e-02 1.054213260740121712e-04
2.444868110244519777e+00 1.234181560382840992e-02 2.116818446482116034e-02 1.357740122451382443e-04
2.470055098215227396e+00 1.284517236687920949e-02 2.157229382893318531e-02 1.404481519205132188e-04
2.488832285358914209e+00 4.943498344722296878e-03 2.107332855699307547e-02 2.279511022217326247e-04
2.520986181628598111e+00 1.237342003569974480e-02 2.149184873293057477e-02 1.509941067959975263e-04
2.566068416472409908e+00 1.289326207936403179e-02 2.158513290830425466e-02 1.679326696203928303e-04
2.592368046657691494e+00 1.340636810591777639e-02 2.126211656904153369e-02 1.650023615401631266e-04
2.619200041566400738e+00 1.342562680279124621e-02 2.133416405137360250e-02 1.676820118988845722e-04
2.646072380999495266e+00 1.344671263030305930e-02 2.168565878937929459e-02 1.640449061160278760e-04
2.681982370230597379e+00 2.246327660079927568e-02 2.191960827932270747e-02 1.392272698340848590e-04
2.720461260540417037e+00 1.401562017803126281e-02 2.179600778803352998e-02 1.846191998256110705e-04
2.748523411600297894e+00 1.404653088184959486e-02 2.159667938534273399e-02 1.952717194336434721e-04
2.781183071066978485e+00 1.861312858483077370e-02 2.155611093064842970e-02 1.771689993891768105e-04
2.804836795322513510e+00 3.024812023499690028e-03 2.186429985290075373e-02 4.382371476139098774e-04
